10
94
79
62
100
36
60
42
24
61
62
24
90
9
76
86
15
72
37
23
13
81
19
4
17
61
34
3
39
44
80
87
77
81
14
57
2
34
13
28
51
18
52
78
41
14
49
68
16
1
56
82
43
77
99
75
80
92
27
100
99
100
81
75
86
67
45
5
80
1
60
24
37
7
8
62
7
60
70
95
100
53
16
12
86
93
37
70
74
51
89
46
82
52
4
15
32
65
9
42
42
17
2
97
46
9
67
41
39
72
86
73
37
54
98
5
67
79
56
65
28
36
77
90
44
21
64
42
17
28
20
87
45
80
58
86
83
49
63
26
67
53
43
23
40
41
97
46
71
97
66
100
9
36
51
49
39
14
1
21
77
24
33
72
79
6
34
32
21
0
15
5
36
86
12
54
91
77
42
88
83
88
6
66
65
34
31
23
99
62
91
62
20
8
74
50
52
57
69
66
30
19
88
5
31
90
77
56
16
3
61
30
78
43
77
94
18
32
11
59
74
75
57
44
86
33
73
57
62
97
19
15
79
83
41
18
98
50
8
100
67
36
49
20
48
64
77
79
10
98
6
22
99
24
66
86
7
13
53
22
76
57
57
64
66
47
40
14
39
99
10
18
72
11
23
46
41
41
100
3
89
88
52
34
87
59
39
71
35
5
93
90
48
95
80
58
70
42
8
43
50
43
97
1
96
57
65
51
64
76
0
23
51
27
54
51
62
59
5
33
27
24
55
6
50
53
98
49
4
24
93
60
70
82
56
10
80
100
53
22
49
28
49
57
53
19
23
87
30
26
45
65
58
78
29
20
19
18
38
61
35
74
14
24
34
5
4
8
96
59
13
3
86
77
99
90
56
35
51
55
47
91
16
53
47
27
88
76
44
53
65
5
85
82
90
0
75
84
3
18
62
14
70
86
29
37
1
66
86
57
87
61
86
1
50
71
100
69
52
34
66
31
1
92
90
93
4
91
49
4
97
93
72
31
78
29
86
94
79
80
74
19
36
30
41
22
35
67
32
49
12
30
50
95
63
92
1
17
58
36
96
33
98
51
71
35
88
85
89
14
16
37
8
22
42
51
85
52
87
51
36
93
38
21
30
29
92
45
28
10
82
34
71
21
9
47
13
74
100
16
89
89
92
31
2
34
99
100
32
70
79
46
28
7
39
48
9
82
43
27
33
97
38
43
79
69
43
98
39
18
3
62
16
39
31
27
79
89
71
7
100
3
94
56
83
53
13
2
28
47
40
69
54
4
67
7
10
19
79
26
1
70
9
2
20
7
53
90
24
94
6
59
0
77
57
43
39
99
62
76
54
15
23
47
84
27
77
40
68
15
43
38
16
4
46
71
59
17
16
85
33
48
31
61
40
63
47
71
99
30
59
61
0
26
21
41
89
29
28
72
46
47
79
63
71
24
84
34
27
55
29
40
73
32
93
49
42
42
0
84
15
68
25
57
22
50
97
86
94
85
64
18
11
78
95
15
15
90
19
40
38
14
36
27
46
57
27
41
69
85
80
42
6
27
100
15
63
14
58
51
75
69
72
36
21
77
79
59
82
95
16
49
89
84
83
37
35
90
14
37
55
42
61
57
80
65
42
5
2
96
22
53
9
15
49
68
85
45
20
16
18
28
34
0
89
94
10
88
53
16
4
47
2
95
81
92
62
50
79
47
45
20
51
1
27
35
27
49
81
43
55
48
56
3
76
99
28
37
47
85
65
50
20
55
31
57
84
84
98
16
100
47
96
97
89
37
43
83
26
45
71
25
73
14
31
65
75
49
55
45
23
7
86
7
39
13
12
8
34
20
44
37
68
91
17
35
8
51
50
97
54
35
71
3
10
56
57
1
17
98
67
6
87
44
65
73
34
95
31
50
53
41
56
69
76
1
87
63
88
88
8
53
9
61
57
86
80
81
81
2
25
56
91
78
66
10
50
73
93
98
61
3
84
32
76
34
87
28
81
84
20
51
6
49
24
33
49
44
69
90
40
40
65
32
29
94
37
4
9
97
35
50
31
92
4
86
87
86
93
2
1
14
28
91
46
88
97
4
86
63
91
56
13
20
19
8
31
22
16
56
12
49
3
81
93
81
52
45
53
14
33
84
88
33
27
60
54
72
13
15
66
96
86
1
52
42
73
91
88
94
24
91
10
60
88
80
56
17
86
44
32
10
41
62
88
73
52
7
23
52
85
91
16
40
12
47
14
53
42
12
49
62
94
32
43
60
58
90
29
55
79
24
83
21
86
51
7
45
20
87
